	iteration_stmt	case_stmt	bool_expression	item'	type	lop	isnull_es	func_body	P	result	compare_op	block_stmt	define_stmts	arg	logical_expression	block	vars	factor	value	assign_stmt	init	stmts	item	expression	branch_stmt	case_stmts	call_func	define_stmt	equal_op	es	jump_stmt	args	isnull_expr	value'	func	funcs	default_stmt	operation	stmt
0					11				10																										8				
1					14																																		
2																																							
3																																							
4																																							
5																																							
6																																							
7																																							
8					11																														16	17			
9																																							
10																																							
11																																							
12																																							
13																																							
14																																							
15																																							
16					11																														16	19			
17																																							
18					20																											21							
19																																							
20																																							
21																																							
22														25																									
23								29								26																							
24					31								32															33											
25																																							
26																																							
27																																							
28					30																																		
29																																							
30																																							
31																																							
32	45																	38	43	56		48	51	42	37						35								54
33					31								41															33											
34																		38	43				51	90									58						
35																																							
36																																							
37																																							
38				77																																			
39																																							
40												86																											
41																																							
42																																							
43											79																		88									96	
44														80																									
45																																							
46																																							
47																																							
48																																							
49																																							
50																											59												
51																																		68					
52																		89	91				67																
53																					64																		
54	45																	38	43	56		98	51	42	37						35								54
55																																							
56																																							
57																																							
58																																							
59																																							
60																																							
61																																							
62																																							
63																		118	105				106	138															
64																	102																						
65															119			131	132				113	136															
66																																							
67																																		130					
68																																							
69																		139																					
70																																							
71																		38					101																
72																																							
73																																							
74	45																	38	43	56		148	51	42	37						35								54
75																																							
76																																							
77																																							
78																																							
79																		103	128				114																
80																																							
81																																							
82																																							
83																		38	43				51	90									111						
84																		38					127																
85																		89	120				67																
86																																							
87																											115												
88																		103	147				114																
89				156																																			
90																																							
91																																							
92																																							
93																		152																					
94																		151	154				146	135						137			116						
95																																							
96																																							
97															110			131	132				113	136															
98																																							
99																		123																					
100																		159																					
101																																		160					
102																																							
103				169																																			
104																																							
105											164																		200									161	
106																																		234					
107																											208												
108																																							
109																		197																					
110																																							
111																																							
112																																							
113																																		180					
114																																		166					
115																																							
116							181																																
117																											193												
118				185																																			
119																																							
120																																							
121																											210												
122																		131	132				113	175															
123				226																																			
124																																							
125																																							
126																		89					202																
127																																		192					
128																																							
129																											187												
130																																							
131				231																																			
132											188																		189									177	
133																																							
134																		89	222				67																
135																																							
136			209			232																																	
137																																							
138																																							
139				199																																			
140																																							
141																		89	211				67																
142																		89	219				67																
143																																							
144																		89	227				67																
145																		151	154				146	135						212			116						
146																																		196					
147																																							
148																																							
149																		178																					
150																																							
151				220																																			
152				191																																			
153																		89					190																
154											214																		163									157	
155																																							
156																																							
157																																							
158																		151	154				146	135									279						
159				262																																			
160																																							
161																																							
162																		131					240																
163																		302	285				300																
164																		286	250				297																
165																		103					288																
166																																							
167																		280																					
168																																							
169																																							
170																		295																					
171																																							
172												273																											
173																		294																					
174												261																											
175			291			232																																	
176																																							
177																																							
178				274																																			
179																		252																					
180																																							
181																																							
182																		276																					
183																																							
184																		151	154				146	135						244			116						
185																																							
186																																							
187																																							
188																		248	255				266																
189																		248	253				266																
190																																		277					
191																																							
192																																							
193																																							
194																		257																					
195																		289																					
196																																							
197				237																																			
198																																							
199																																							
200																		286	258				297																
201																																							
202																																		296					
203																		38	43				51	90									293						
204																		151					241																
205																		118					236																
206																		118					243																
207																		151					265																
208																																							
209																																							
210																																							
211																																							
212																																							
213																																							
214																		302	239				300																
215																		151	154				146	135						290			116						
216																		245																					
217																		151	154				146	135						254			116						
218																		242																					
219																																							
220																																							
221																		151	154				146	135						281			116						
222																																							
223																		251																					
224																		271																					
225																					256																		
226																																							
227																																							
228																		275																					
229																		131					283																
230																		103					282																
231																																							
232																		131	132				113	298															
233															278			131	132				113	136															
234																																							
235																																							
236																																		342					
237																																							
238																																							
239																																							
240																																		329					
241																																		367					
242				312																																			
243																																		334					
244																																							
245				351																																			
246																																							
247																											311												
248				341																																			
249																																							
250																																							
251				372																																			
252				349																																			
253																																							
254																																							
255																																							
256																	303																						
257				304																																			
258																																							
259																		330	374				343	350															
260																											305												
261										324																													
262																																							
263																																							
264	45																	38	43	56		365	51	42	37						35								54
265																																		326					
266																																		359					
267																		89	331				67																
268																																							
269	45																	38	43	56		371	51	42	37						35								54
270																																							
271				321																																			
272																		89	315				67																
273																																							
274																																							
275				313																																			
276				322																																			
277																																							
278																																							
279							362																																
280				354																																			
281																																							
282																																		338					
283																																		368					
284																																							
285																																							
286				340																																			
287																		89	325				67																
288																																		314					
289				364																																			
290																																							
291																																							
292																																							
293																																							
294				333																																			
295				327																																			
296																																							
297																																		317					
298			363			232																																	
299																											307												
300																																		318					
301		319																																					
302				346																																			
303																																							
304																																							
305																																							
306																		388																					
307																																							
308																		151	154				146	135						423			116						
309																		286					391																
310																																							
311																																							
312																																							
313																																							
314																																							
315																																							
316																		395																					
317																																							
318																																							
319		412																								410													
320																		418																					
321																																							
322																																							
323																																							
324																																							
325																																							
326																																							
327																																							
328																		396	413				403	380									397						
329																																							
330				419																																			
331																																							
332																																							
333																																							
334																																							
335																		416																					
336																		405																					
337																		409																					
338																																							
339																											407												
340																																							
341																																							
342																																							
343																																		389					
344																		248					384																
345																		151	154				146	135						393			116						
346																																							
347																		302					425																
348																																							
349																																							
350																																							
351																																							
352																		286					379																
353																		408																					
354																																							
355																		151	154				146	135						421			116						
356																		89	381				67																
357																																							
358																																							
359																																							
360												390																											
361																		302					398																
362																																							
363																																							
364																																							
365																																							
366																		248					387																
367																																							
368																																							
369																																							
370																																							
371																																							
372																																							
373																		415																					
374											422																		394									399	
375																		424																					
376																																							
377																																							
378																		432																					
379																																		442					
380																																							
381																																							
382																											453												
383																																							
384																																		447					
385																																							
386																																							
387																																		446					
388				477																																			
389																																							
390																																							
391																																		427					
392																		330					461																
393																																							
394																		451	467				471																
395				459																																			
396				475																																			
397																																							
398																																		448					
399																																							
400																																							
401																		151	154				146	135						462			116						
402																																							
403																																		428					
404																		458																					
405				474																																			
406																		89	438				67																
407																																							
408				470																																			
409				444																																			
410																																					439		
411																																							
412		412																								450													
413											449																		466									437	
414																		463																					
415				456																																			
416				431																																			
417																																							
418				445																																			
419																																							
420																		330					429																
421																																							
422																		451	455				471																
423																																							
424				468																																			
425																																		473					
426																																							
427																																							
428																																							
429																																		493					
430																		496																					
431																																							
432				487																																			
433																		396					508																
434																		396					512																
435																		483																					
436																		89	488				67																
437																																							
438																																							
439																																							
440												480																											
441																																							
442																																							
443																											514												
444																																							
445																																							
446																																							
447																																							
448																																							
449																		89	517				67																
450																																							
451				505																																			
452																																							
453																																							
454																																							
455																																							
456																																							
457																		478																					
458				484																																			
459																																							
460	482																	38	43	490		485	51	509	519						504								494
461																																		500					
462																																							
463				486																																			
464																																							
465																																							
466																		89	491				67																
467																																							
468																																							
469																		151	154				146	135						492			116						
470																																							
471																																		521					
472																																							
473																																							
474																																							
475																																							
476																																							
477																																							
478				523																																			
479																																							
480																																							
481																																							
482																																							
483				534																																			
484																																							
485																																							
486																																							
487																																							
488																																							
489																		547																					
490																																							
491																																							
492																																							
493																																							
494	482																	38	43	490		551	51	509	519						504								494
495																		451					532																
496				524																																			
497																		531																					
498	45																	38	43	56		558	51	42	37						35								54
499																																							
500																																							
501																																							
502																																							
503												549																											
504																																							
505																																							
506																																							
507	539																	38	43	548		522	51	550	528						545								529
508																																		535					
509																																							
510																		543																					
511																		151	154				146	135						555			116						
512																																		560					
513																																							
514																																							
515																		38	43				51	90									530						
516																		451					556																
517																																							
518																																							
519																																							
520																																							
521																																							
522																																							
523																																							
524																																							
525																																							
526																																							
527																		38	43				51	90									567						
528																																							
529	539																	38	43	548		566	51	550	528						545								529
530																																							
531				569																																			
532																																		578					
533																																							
534																																							
535																																							
536																																							
537															571			131	132				113	136															
538																																							
539																																							
540												576																											
541																																							
542																																							
543				564																																			
544																																							
545																																							
546																																							
547				562																																			
548																																							
549																																							
550																																							
551																																							
552															570			131	132				113	136															
553																																							
554																																							
555																																							
556																																		565					
557																																							
558																																							
559																		38	43				51	90									580						
560																																							
561																																							
562																																							
563															586			131	132				113	136															
564																																							
565																																							
566																																							
567																																							
568																																							
569																																							
570																																							
571																																							
572															591			131	132				113	136															
573																																							
574																																							
575																																							
576																																							
577																		38	43				51	90									588						
578																																							
579																																							
580																																							
581																																							
582																																							
583												600																											
584																																							
585																																							
586																																							
587															596			131	132				113	136															
588																																							
589																																							
590																		38	43				51	90									603						
591																																							
592												605																											
593																																							
594																																							
595	45																	38	43	56		610	51	42	37						35								54
596																																							
597																		38	43				51	90									606						
598												608																											
599	45																	38	43	56		609	51	42	37						35								54
600										612																													
601												607																											
602		618																																					
603																																							
604															616			131	132				113	136															
605																																							
606																																							
607										626																													
608																																							
609																																							
610																																							
611		627																																					
612																																							
613	45																	38	43	56		629	51	42	37						35								54
614	45																	38	43	56		625	51	42	37						35								54
615																																							
616																																							
617																		396	413				403	380									631						
618		412																								621													
619												628																											
620																																							
621																																					633		
622												634																											
623																																							
624																																							
625																																							
626																																							
627		412																								635													
628																																							
629																																							
630																		396	413				403	380									640						
631																																							
632																																							
633																																							
634																																							
635																																					642		
636																																							
637												644																											
638																																							
639																																							
640																																							
641												645																											
642																																							
643																																							
644																																							
645																																							
646																																							